1HOME -1.551915 -1.137299 -2.025854 -1.555681 1.564114 0.909841
2MOKA_1 -2.113038 -1.30 -2.339713 -0.970883 1.600345 0.90993
3MOKA_2 -2.113038 -1.70 -2.339713 -0.970883 1.600345 0.90993
4DEPOSITA_1 -1.353566 -1.521138 -2.500238 -0.691779 1.549726 0.90993
5MOKA_4 -2.053432 -1.654572 -2.255664 -0.769841 1.549407 0.90993
6MOKA_5 -2.053432 -1.761405 -2.250218 -0.721485 1.549407 0.90993
7DEPOSITA_2 -1.353566 -1.321138 -2.500238 -0.691779 1.549726 0.90993
8MOKA_6 -1.944974 -1.717649 -2.032801 -1.004488 1.594768 0.909832
9MOKA_7 -1.935447 -1.795322 -2.183575 -0.675662 1.549291 0.909832
10DEPOSITA_3 -1.353566 -1.2 -2.500238 -0.691779 1.549726 0.90993
